Motor_L = 0;
Motor_R = 0;
data240 = [0  Motor_L  3.47  0.00  Motor_R  3.52  0.00
5  Motor_L  3.84  0.00  Motor_R  3.90  0.00
10  Motor_L  4.22  0.07  Motor_R  4.28  0.07
15  Motor_L  4.13  31.78  Motor_R  4.09  38.83
20  Motor_L  3.80  75.62  Motor_R  3.90  73.01
25  Motor_L  3.88  87.63  Motor_R  4.06  79.89
30  Motor_L  4.04  92.64  Motor_R  4.17  89.50
35  Motor_L  4.21  97.07  Motor_R  4.30  99.61
40  Motor_L  4.36  101.66  Motor_R  4.41  104.30
45  Motor_L  4.49  107.74  Motor_R  4.56  108.81
50  Motor_L  4.59  114.67  Motor_R  4.73  113.49
55  Motor_L  4.74  117.70  Motor_R  4.82  119.06
60  Motor_L  4.85  123.37  Motor_R  4.91  125.49
65  Motor_L  4.93  130.77  Motor_R  5.04  131.28
70  Motor_L  5.03  135.89  Motor_R  5.15  133.12
75  Motor_L  5.16  137.51  Motor_R  5.24  138.50
80  Motor_L  5.27  140.88  Motor_R  5.33  143.16
85  Motor_L  5.34  146.97  Motor_R  5.43  146.95
90  Motor_L  5.45  149.14  Motor_R  5.55  150.62
95  Motor_L  5.54  152.77  Motor_R  5.60  155.26
100  Motor_L  5.62  155.98  Motor_R  5.70  157.32
105  Motor_L  5.69  160.57  Motor_R  5.81  159.89
110  Motor_L  5.77  163.16  Motor_R  5.86  163.75
115  Motor_L  5.86  166.67  Motor_R  5.94  166.87
120  Motor_L  5.90  170.42  Motor_R  6.03  168.31
125  Motor_L  5.99  172.35  Motor_R  6.09  172.41
130  Motor_L  6.07  174.16  Motor_R  6.15  175.32
135  Motor_L  6.11  178.25  Motor_R  6.23  176.63
140  Motor_L  6.18  180.18  Motor_R  6.27  180.56
145  Motor_L  6.24  182.55  Motor_R  6.33  182.94
150  Motor_L  6.29  185.08  Motor_R  6.41  184.06
155  Motor_L  6.36  186.12  Motor_R  6.45  188.23
160  Motor_L  6.42  189.50  Motor_R  6.50  188.98
165  Motor_L  6.46  190.48  Motor_R  6.57  190.71
170  Motor_L  6.52  191.79  Motor_R  6.59  194.28
175  Motor_L  6.54  195.27  Motor_R  6.65  194.51
180  Motor_L  6.60  195.73  Motor_R  6.69  196.93
185  Motor_L  6.65  197.36  Motor_R  6.73  199.05
190  Motor_L  6.68  199.84  Motor_R  6.79  199.17
195  Motor_L  6.73  200.68  Motor_R  6.81  202.69
200  Motor_L  6.77  203.38  Motor_R  6.85  203.18
205  Motor_L  6.81  203.38  Motor_R  6.89  204.43
210  Motor_L  6.86  203.87  Motor_R  6.91  206.85
215  Motor_L  6.87  207.43  Motor_R  6.97  206.72
220  Motor_L  6.91  207.94  Motor_R  6.98  209.19
225  Motor_L  6.94  209.12  Motor_R  7.01  210.39
230  Motor_L  6.97  210.44  Motor_R  7.05  211.05
235  Motor_L  7.00  211.10  Motor_R  7.06  212.81
240  Motor_L  7.01  213.68  Motor_R  7.12  212.54
245  Motor_L  7.06  213.40  Motor_R  7.13  215.57
250  Motor_L  7.07  215.61  Motor_R  7.15  215.57
255  Motor_L  7.11  215.33  Motor_R  7.19  215.85
260  Motor_L  7.13  216.31  Motor_R  7.20  217.55
265  Motor_L  7.14  218.15  Motor_R  7.24  217.12
270  Motor_L  7.17  218.29  Motor_R  7.25  219.85
275  Motor_L  7.18  221.04  Motor_R  7.28  219.41
280  Motor_L  7.21  220.31  Motor_R  7.29  221.02
285  Motor_L  7.22  221.48  Motor_R  7.31  221.31
290  Motor_L  7.23  221.78  Motor_R  7.34  221.61
295  Motor_L  7.27  222.22  Motor_R  7.34  223.24
300  Motor_L  7.27  223.86  Motor_R  7.38  222.35
305  Motor_L  7.30  223.56  Motor_R  7.38  224.60
310  Motor_L  7.31  224.47  Motor_R  7.41  224.15
315  Motor_L  7.34  224.01  Motor_R  7.41  225.98
320  Motor_L  7.35  225.23  Motor_R  7.42  226.13
325  Motor_L  7.36  225.99  Motor_R  7.45  226.13
330  Motor_L  7.38  226.45  Motor_R  7.44  227.83
335  Motor_L  7.38  227.84  Motor_R  7.47  227.06
340  Motor_L  7.41  227.22  Motor_R  7.47  228.77
345  Motor_L  7.39  229.41  Motor_R  7.50  227.68
350  Motor_L  7.43  228.00  Motor_R  7.50  229.25
355  Motor_L  7.43  229.25  Motor_R  7.51  229.72
360  Motor_L  7.45  228.94  Motor_R  7.53  229.41
365  Motor_L  7.46  229.73  Motor_R  7.51  231.64
370  Motor_L  7.45  231.16  Motor_R  7.54  230.68
375  Motor_L  7.47  230.84  Motor_R  7.53  231.97
380  Motor_L  7.45  232.29  Motor_R  7.56  230.84
385  Motor_L  7.49  231.64  Motor_R  7.55  232.78
390  Motor_L  7.49  232.45  Motor_R  7.58  231.32
395  Motor_L  7.51  231.64  Motor_R  7.58  232.78
400  Motor_L  7.51  232.45  Motor_R  7.59  232.78
405  Motor_L  7.52  232.29  Motor_R  7.58  233.76
410  Motor_L  7.53  232.94  Motor_R  7.58  234.75
415  Motor_L  7.52  233.92  Motor_R  7.60  233.76
420  Motor_L  7.54  233.26  Motor_R  7.60  234.75
425  Motor_L  7.52  234.41  Motor_R  7.62  233.93
430  Motor_L  7.55  234.08  Motor_R  7.61  235.25
435  Motor_L  7.54  235.24  Motor_R  7.63  233.43
440  Motor_L  7.57  233.92  Motor_R  7.63  235.58
445  Motor_L  7.57  234.41  Motor_R  7.63  234.75
450  Motor_L  7.58  234.25  Motor_R  7.63  235.92
455  Motor_L  7.58  234.58  Motor_R  7.63  235.75
460  Motor_L  7.58  235.40  Motor_R  7.66  235.92
465  Motor_L  7.59  235.24  Motor_R  7.64  236.93
470  Motor_L  7.57  236.74  Motor_R  7.67  235.25
475  Motor_L  7.60  235.40  Motor_R  7.64  237.27
480  Motor_L  7.58  237.25  Motor_R  7.68  234.92
485  Motor_L  7.61  235.40  Motor_R  7.67  236.25
490  Motor_L  7.61  236.41  Motor_R  7.69  235.42
495  Motor_L  7.62  235.74  Motor_R  7.68  236.59
500  Motor_L  7.62  236.41  Motor_R  7.68  236.59
505  Motor_L  7.63  236.07  Motor_R  7.68  237.44
510  Motor_L  7.62  237.25  Motor_R  7.67  238.12
515  Motor_L  7.61  237.76  Motor_R  7.69  236.76
520  Motor_L  7.62  237.59  Motor_R  7.68  238.29
525  Motor_L  7.61  238.27  Motor_R  7.70  236.59
530  Motor_L  7.63  237.42  Motor_R  7.69  238.12
535  Motor_L  7.61  238.95  Motor_R  7.72  236.42
540  Motor_L  7.64  237.08  Motor_R  7.70  238.12
545  Motor_L  7.63  238.27  Motor_R  7.71  237.27
550  Motor_L  7.64  237.59  Motor_R  7.70  238.29
555  Motor_L  7.64  238.10  Motor_R  7.70  238.29
560  Motor_L  7.64  237.93  Motor_R  7.70  238.80
565  Motor_L  7.64  238.10  Motor_R  7.69  239.32
570  Motor_L  7.63  238.78  Motor_R  7.72  237.61
575  Motor_L  7.65  238.10  Motor_R  7.71  238.80
580  Motor_L  7.64  238.95  Motor_R  7.73  237.61
585  Motor_L  7.66  237.76  Motor_R  7.70  239.14
590  Motor_L  7.63  239.64  Motor_R  7.73  237.78
595  Motor_L  7.65  238.27  Motor_R  7.71  239.49
600  Motor_L  7.64  239.12  Motor_R  7.72  238.12
605  Motor_L  7.66  238.27  Motor_R  7.70  239.83
610  Motor_L  7.65  238.95  Motor_R  7.71  238.63
615  Motor_L  7.65  238.78  Motor_R  7.71  239.66
620  Motor_L  7.65  238.95  Motor_R  7.70  239.14
625  Motor_L  7.65  239.29  Motor_R  7.73  238.63
630  Motor_L  7.65  238.95  Motor_R  7.71  240.01
635  Motor_L  7.65  239.46  Motor_R  7.72  238.97
640  Motor_L  7.65  239.12  Motor_R  7.71  240.01
645  Motor_L  7.63  240.67  Motor_R  7.73  238.80
650  Motor_L  7.66  238.61  Motor_R  7.70  240.35
655  Motor_L  7.65  239.46  Motor_R  7.73  238.29
660  Motor_L  7.67  238.61  Motor_R  7.71  240.18
665  Motor_L  7.66  239.12  Motor_R  7.73  238.63
670  Motor_L  7.67  238.44  Motor_R  7.72  239.32
675  Motor_L  7.67  238.61  Motor_R  7.73  239.14
680  Motor_L  7.66  239.46  Motor_R  7.73  239.32
685  Motor_L  7.67  238.95  Motor_R  7.72  240.01
690  Motor_L  7.65  239.98  Motor_R  7.73  238.97
695  Motor_L  7.67  238.95  Motor_R  7.72  240.01
700  Motor_L  7.65  239.81  Motor_R  7.74  238.97
705  Motor_L  7.67  238.95  Motor_R  7.71  240.18
710  Motor_L  7.66  240.85  Motor_R  7.75  238.29
715  Motor_L  7.67  239.12  Motor_R  7.73  240.01
720  Motor_L  7.67  239.81  Motor_R  7.74  238.46
725  Motor_L  7.68  238.78  Motor_R  7.72  240.18
730  Motor_L  7.67  239.64  Motor_R  7.73  239.14
735  Motor_L  7.67  239.29  Motor_R  7.73  240.01
740  Motor_L  7.67  239.29  Motor_R  7.73  239.66
745  Motor_L  7.67  239.81  Motor_R  7.74  239.14
750  Motor_L  7.68  239.12  Motor_R  7.72  240.18
755  Motor_L  7.66  240.15  Motor_R  7.74  238.97
760  Motor_L  7.67  239.64  Motor_R  7.73  240.01
765  Motor_L  7.65  241.37  Motor_R  7.75  238.80
770  Motor_L  7.68  239.12  Motor_R  7.72  240.53
775  Motor_L  7.66  240.33  Motor_R  7.75  238.46
780  Motor_L  7.67  239.64  Motor_R  7.73  239.83
785  Motor_L  7.67  239.64  Motor_R  7.74  239.14
790  Motor_L  7.68  238.78  Motor_R  7.73  240.53
795  Motor_L  7.68  239.12  Motor_R  7.73  239.83
