% Formato
% tiempo (s), voltaje (V), velocidad (deg/s)

datos = [5.53    2.00    213.11
5.55    2.00    151.75
5.58    2.00    93.39
5.60    2.00    57.42
5.63    2.00    43.68
5.65    2.00    37.97
5.68    2.00    35.22
5.70    2.00    34.51
5.73    2.00    34.34
5.75    2.00    34.25
5.78    2.00    34.36
5.80    2.00    34.12
5.83    2.00    34.35
5.85    2.00    34.19
5.88    2.00    34.34
5.90    2.00    34.34
5.93    2.00    34.38
5.95    2.00    34.50
5.98    2.00    34.36
6.00    2.00    34.48
6.03    2.00    34.25
6.05    2.00    34.42
6.08    2.00    34.24
6.10    2.00    34.33
6.13    2.00    34.37
6.15    2.00    34.37
6.18    2.00    34.50
6.20    2.00    34.30
6.23    2.00    34.44
6.25    2.00    34.33
6.28    2.00    34.42
6.30    2.00    34.40
6.33    2.00    34.32
6.35    2.00    34.48
6.38    2.00    34.23
6.40    2.00    34.40
6.43    2.00    34.35
6.45    4.00    39.41
6.48    4.00    55.91
6.50    4.00    67.15
6.53    4.00    71.07
6.55    4.00    72.74
6.58    4.00    73.39
6.60    4.00    73.64
6.63    4.00    73.69
6.65    4.00    73.66
6.68    4.00    73.60
6.70    4.00    73.60
6.73    4.00    73.58
6.75    4.00    73.55
6.78    4.00    73.64
6.80    4.00    73.74
6.83    4.00    73.73
6.85    4.00    73.71
6.88    4.00    73.67
6.90    4.00    73.55
6.93    4.00    73.60
6.95    4.00    73.58
6.98    4.00    73.58
7.00    4.00    73.66
7.03    4.00    73.76
7.05    4.00    73.71
7.08    4.00    73.70
7.10    4.00    73.70
7.13    4.00    73.72
7.15    4.00    73.68
7.18    4.00    73.65
7.20    4.00    73.64
7.23    4.00    73.62
7.25    4.00    73.76
7.28    4.00    73.76
7.30    4.00    73.75
7.33    4.00    73.73
7.35    4.00    73.74
7.38    6.00    73.74
7.40    6.00    87.46
7.43    6.00    100.52
7.45    6.00    108.37
7.48    6.00    111.18
7.50    6.00    112.38
7.53    6.00    112.80
7.55    6.00    113.06
7.58    6.00    113.09
7.60    6.00    113.13
7.63    6.00    113.16
7.65    6.00    113.17
7.68    6.00    113.14
7.70    6.00    113.19
7.73    6.00    113.04
7.75    6.00    113.07
7.78    6.00    113.14
7.80    6.00    112.97
7.83    6.00    113.09
7.85    6.00    113.16
7.88    6.00    113.14
7.90    6.00    113.19
7.93    6.00    113.19
7.95    6.00    113.05
7.98    6.00    113.20
8.00    6.00    113.00
8.03    6.00    113.12
8.05    6.00    113.32
8.08    6.00    113.21
8.10    6.00    113.28
8.13    6.00    113.12
8.15    6.00    113.14
8.18    6.00    113.18
8.20    6.00    113.31
8.23    6.00    113.24
8.25    6.00    113.29
8.28    6.00    113.24
8.30    6.00    113.20
8.33    8.00    115.08
8.35    8.00    130.13
8.38    8.00    141.61
8.40    8.00    148.63
8.43    8.00    151.24
8.45    8.00    152.47
8.48    8.00    152.85
8.50    8.00    152.83
8.53    8.00    152.79
8.55    8.00    153.00
8.58    8.00    153.02
8.60    8.00    153.17
8.63    8.00    153.38
8.65    8.00    153.25
8.68    8.00    153.25
8.70    8.00    153.13
8.73    8.00    153.21
8.75    8.00    153.23
8.78    8.00    153.15
8.80    8.00    153.10
8.83    8.00    153.14
8.85    8.00    153.20
8.88    8.00    153.26
8.90    8.00    153.24
8.93    8.00    153.27
8.95    8.00    153.27
8.98    8.00    153.15
9.00    8.00    153.15
9.03    8.00    153.18
9.05    8.00    153.09
9.08    8.00    153.08
9.10    8.00    153.04
9.13    8.00    153.09
9.15    8.00    153.13
9.18    8.00    153.04
9.20    8.00    153.13
9.23    8.00    153.31
9.25    10.00   160.32
9.28    10.00   177.08
9.30    10.00   186.29
9.33    10.00   189.81
9.35    10.00   191.63
9.38    10.00   192.23
9.40    10.00   192.70
9.43    10.00   192.65
9.45    10.00   192.91
9.48    10.00   193.16
9.50    10.00   193.02
9.53    10.00   193.19
9.55    10.00   193.04
9.58    10.00   193.20
9.60    10.00   193.14
9.63    10.00   192.94
9.65    10.00   192.99
9.68    10.00   192.96
9.70    10.00   193.16
9.73    10.00   193.16
9.75    10.00   193.03
9.78    10.00   193.14
9.80    10.00   193.12
9.83    10.00   192.99
9.85    10.00   193.11
9.88    10.00   193.15
9.90    10.00   193.26
9.93    10.00   193.02
9.95    10.00   193.19
9.98    10.00   193.29
10.00   10.00   193.18
10.03   10.00   193.26
10.05   10.00   193.11
10.08   10.00   192.86
10.10   10.00   192.92
10.13   10.00   192.93
10.15   12.00   198.98
10.18   12.00   207.51
10.20   12.00   211.69
10.23   12.00   213.87
10.25   12.00   214.79
10.28   12.00   215.61
10.30   12.00   215.88
10.33   12.00   215.92
10.35   12.00   216.07
10.38   12.00   215.97
10.40   12.00   215.98
10.43   12.00   216.19
10.45   12.00   216.11
10.48   12.00   216.00
10.50   12.00   215.86
10.53   12.00   216.00
10.55   12.00   216.19
10.58   12.00   215.98
10.60   12.00   216.18
10.63   12.00   216.09
10.65   12.00   216.02
10.68   12.00   216.13
10.70   12.00   216.01
10.73   12.00   215.93
10.75   12.00   215.92
10.78   12.00   216.26
10.80   12.00   216.16
10.83   12.00   215.92
10.85   12.00   216.13
10.88   12.00   216.31
10.90   12.00   216.03
10.93   12.00   216.25
10.95   12.00   215.99
10.98   12.00   215.97
11.00   12.00   215.96
11.03   12.00   216.10]